1.000000 0.000000 0.000000 0.000000 0.000000 1.000000 0.000000 0.000000 -0.000000 0.000000 1.000000 0.000000
0.999200 -0.039989 0.000000 0.200000 0.039989 0.999200 0.000000 -0.000000 0.000000 0.000000 1.000000 0.000000
0.996802 -0.079915 0.000000 0.400000 0.079915 0.996802 0.000000 0.000000 0.000000 0.000000 1.000000 0.000000
0.992809 -0.119712 0.000000 0.600000 0.119712 0.992809 0.000000 0.000000 0.000000 0.000000 1.000000 0.000000
0.987227 -0.159318 0.000000 0.800000 0.159318 0.987227 0.000000 -0.000000 0.000000 0.000000 1.000000 0.000000
0.980067 -0.198669 0.000000 1.000000 0.198669 0.980067 0.000000 -0.000000 0.000000 0.000000 1.000000 0.000000
0.971338 -0.237703 0.000000 1.200000 0.237703 0.971338 0.000000 -0.000000 0.000000 0.000000 1.000000 0.000000
0.961055 -0.276356 0.000000 1.400000 0.276356 0.961055 0.000000 -0.000000 0.000000 0.000000 1.000000 0.000000
0.949235 -0.314567 0.000000 1.600000 0.314567 0.949235 0.000000 0.000000 0.000000 0.000000 1.000000 0.000000
0.935897 -0.352274 0.000000 1.800000 0.352274 0.935897 0.000000 -0.000000 0.000000 0.000000 1.000000 0.000000
0.921061 -0.389418 0.000000 2.000000 0.389418 0.921061 0.000000 0.000000 0.000000 0.000000 1.000000 0.000000
0.904752 -0.425940 0.000000 2.200000 0.425940 0.904752 0.000000 0.000000 0.000000 0.000000 1.000000 0.000000
0.886995 -0.461779 0.000000 2.400000 0.461779 0.886995 0.000000 0.000000 0.000000 0.000000 1.000000 0.000000
0.867819 -0.496880 0.000000 2.600000 0.496880 0.867819 0.000000 0.000000 0.000000 0.000000 1.000000 0.000000
0.847255 -0.531186 0.000000 2.800000 0.531186 0.847255 0.000000 0.000000 0.000000 0.000000 1.000000 0.000000
0.825336 -0.564642 0.000000 3.000000 0.564642 0.825336 0.000000 0.000000 0.000000 0.000000 1.000000 0.000000
0.802096 -0.597196 0.000000 3.200000 0.597196 0.802096 0.000000 -0.000000 0.000000 0.000000 1.000000 0.000000
0.777573 -0.628793 0.000000 3.400000 0.628793 0.777573 0.000000 -0.000000 0.000000 0.000000 1.000000 0.000000
0.751806 -0.659385 0.000000 3.600000 0.659385 0.751806 0.000000 0.000000 0.000000 0.000000 1.000000 0.000000
0.724836 -0.688922 0.000000 3.800000 0.688922 0.724836 0.000000 -0.000000 0.000000 0.000000 1.000000 0.000000
0.696707 -0.717356 0.000000 4.000000 0.717356 0.696707 0.000000 0.000000 0.000000 0.000000 1.000000 0.000000
0.667463 -0.744643 0.000000 4.200000 0.744643 0.667463 0.000000 0.000000 0.000000 0.000000 1.000000 0.000000
0.637151 -0.770739 0.000000 4.400000 0.770739 0.637151 0.000000 0.000000 0.000000 0.000000 1.000000 0.000000
0.605820 -0.795602 0.000000 4.600000 0.795602 0.605820 0.000000 0.000000 0.000000 0.000000 1.000000 0.000000
0.573520 -0.819192 0.000000 4.800000 0.819192 0.573520 0.000000 0.000000 0.000000 0.000000 1.000000 0.000000
