1.000000 -0.000000 0.000000 0.000000 0.000000 1.000000 -0.000000 0.000000 0.000000 0.000000 1.000000 0.000000
0.999200 -0.039989 0.000000 0.200000 0.039989 0.999200 -0.000000 0.000000 0.000000 0.000000 1.000000 0.000000
0.996802 -0.079915 0.000000 0.400000 0.079915 0.996802 -0.000000 0.000000 0.000000 0.000000 1.000000 0.000000
0.992809 -0.119712 0.000000 0.600000 0.119712 0.992809 -0.000000 -0.000000 0.000000 0.000000 1.000000 0.000000
0.987227 -0.159318 0.000000 0.800000 0.159318 0.987227 -0.000000 -0.000000 0.000000 0.000000 1.000000 0.000000
0.980067 -0.198669 0.000000 1.000000 0.198669 0.980067 -0.000000 -0.000000 0.000000 0.000000 1.000000 0.000000
0.974298 -0.225257 0.001318 1.011699 0.225258 0.974299 -0.000081 0.001263 -0.001266 0.000376 0.999999 0.003741
0.972981 -0.230870 0.002486 1.017286 0.230870 0.972985 0.000290 0.007752 -0.002485 0.000292 0.999997 0.007531
0.972141 -0.234396 0.000622 1.016344 0.234396 0.972141 0.000016 0.004270 -0.000609 0.000130 1.000000 0.001639
0.974312 -0.225197 0.001492 0.996131 0.225196 0.974313 0.001094 0.001842 -0.001700 -0.000730 0.999998 0.005094
0.976691 -0.214644 0.001775 1.007147 0.214644 0.976692 -0.000026 0.004502 -0.001728 0.000406 0.999998 0.002146
0.973073 -0.230496 0.000568 1.012270 0.230495 0.973073 0.000225 0.005303 -0.000605 -0.000088 1.000000 -0.001129
0.974177 -0.225786 0.000787 1.008415 0.225786 0.974177 -0.000561 0.003782 -0.000640 0.000725 1.000000 0.002114
0.979899 -0.199494 0.000628 0.831694 0.199494 0.979899 0.000765 0.061870 -0.000768 -0.000625 1.000000 0.003036
0.975432 -0.220299 0.000873 0.986333 0.220298 0.975432 0.000905 0.009225 -0.001051 -0.000691 0.999999 0.003555
0.975208 -0.221287 0.000798 0.993381 0.221287 0.975208 -0.000722 0.009582 -0.000618 0.000881 0.999999 -0.000168
0.973785 -0.227456 0.002702 1.011667 0.227459 0.973787 -0.000808 0.003092 -0.002447 0.001401 0.999996 0.006852
0.979008 -0.203821 0.000563 1.001704 0.203821 0.979008 -0.000371 0.002372 -0.000475 0.000478 1.000000 0.002759
0.976377 -0.216072 0.001334 1.010091 0.216073 0.976376 -0.001202 -0.001177 -0.001042 0.001462 0.999998 0.002864
0.975908 -0.218178 0.001168 0.989013 0.218177 0.975909 0.000469 0.010167 -0.001242 -0.000203 0.999999 0.005388
0.974596 -0.223970 -0.000132 1.005507 0.223969 0.974596 -0.000480 0.001113 0.000236 0.000438 1.000000 0.000474
0.973284 -0.229605 0.000796 1.020821 0.229606 0.973284 -0.000605 0.002268 -0.000636 0.000772 1.000000 0.001410
0.974417 -0.224742 0.001399 1.012580 0.224743 0.974417 -0.001201 0.002981 -0.001094 0.001485 0.999998 0.003427
0.974047 -0.226321 0.003499 1.014162 0.226329 0.974049 -0.001982 0.002115 -0.002960 0.002723 0.999992 0.004568
0.972638 -0.232306 0.003154 0.957592 0.232309 0.972642 -0.000553 0.018371 -0.002939 0.001270 0.999995 0.007035
0.976201 -0.216866 0.000756 1.002266 0.216866 0.976201 -0.000245 0.004022 -0.000685 0.000404 1.000000 0.003218
0.974134 -0.225971 -0.000544 1.008109 0.225971 0.974134 0.000355 0.009246 0.000450 -0.000468 1.000000 0.001138
0.974064 -0.226273 0.000576 1.010017 0.226273 0.974064 -0.000710 0.000737 -0.000401 0.000822 1.000000 0.001103
0.973004 -0.230789 0.000854 1.018906 0.230789 0.973004 -0.000114 0.006352 -0.000805 0.000309 1.000000 0.002239
0.978153 -0.207866 -0.002981 1.002275 0.207871 0.978156 0.001164 -0.002086 0.002674 -0.001759 0.999995 -0.001787
0.974115 -0.226049 0.001210 1.001314 0.226050 0.974116 -0.000431 0.002547 -0.001081 0.000693 0.999999 0.002533
0.976882 -0.213775 0.000988 1.009256 0.213774 0.976883 0.000977 -0.000347 -0.001174 -0.000743 0.999999 0.002972
0.971931 -0.235264 -0.001190 1.003041 0.235264 0.971931 -0.000204 -0.002203 0.001205 -0.000082 0.999999 0.001704
0.976089 -0.217365 0.001551 1.009177 0.217365 0.976090 0.000364 0.002740 -0.001593 -0.000018 0.999999 0.004844
0.977072 -0.212893 0.002537 0.999679 0.212896 0.977075 -0.000660 0.006296 -0.002338 0.001185 0.999997 0.007034
0.978752 -0.205046 0.001153 1.000894 0.205047 0.978752 -0.000454 0.004518 -0.001036 0.000681 0.999999 0.003065
0.971639 -0.236469 0.000667 1.010286 0.236469 0.971639 -0.000428 -0.000692 -0.000547 0.000574 1.000000 -0.000597
0.971879 -0.235481 0.000017 1.023104 0.235481 0.971879 0.000323 0.003466 -0.000093 -0.000310 1.000000 0.001139
0.974292 -0.225285 0.000985 1.005786 0.225285 0.974293 0.000514 0.004975 -0.001075 -0.000279 0.999999 0.003889
0.972821 -0.231558 0.000860 1.006501 0.231559 0.972820 -0.001163 0.004198 -0.000568 0.001331 0.999999 0.002589
0.974560 -0.224117 0.002199 0.948348 0.224120 0.974561 -0.001266 0.025728 -0.001859 0.001727 0.999997 0.003474
0.973925 -0.226860 0.002347 1.002655 0.226864 0.973926 -0.001281 0.001094 -0.001995 0.001780 0.999996 0.003787
0.973843 -0.227221 0.000231 1.012956 0.227222 0.973843 -0.000694 -0.000223 -0.000067 0.000729 1.000000 0.000522
0.973428 -0.228994 0.000401 1.016066 0.228994 0.973428 0.000474 0.006238 -0.000499 -0.000370 1.000000 -0.000086
0.972910 -0.231175 0.002163 1.021980 0.231177 0.972911 -0.000876 0.003658 -0.001901 0.001352 0.999997 0.004501
0.974631 -0.223808 0.002304 1.001203 0.223812 0.974631 -0.001598 0.004440 -0.001888 0.002073 0.999996 0.005692
0.975093 -0.221794 0.001258 1.009747 0.221795 0.975093 -0.000330 0.002490 -0.001153 0.000600 0.999999 0.002786
0.974377 -0.224912 0.001780 1.009325 0.224913 0.974379 -0.000494 0.003542 -0.001623 0.000881 0.999998 0.003533
0.974005 -0.226521 0.001254 1.011632 0.226521 0.974006 0.000261 0.001927 -0.001280 0.000029 0.999999 0.003612
0.972809 -0.231608 -0.000225 1.012626 0.231608 0.972809 0.000227 0.005841 0.000166 -0.000273 1.000000 -0.000031
0.980472 -0.196655 0.001279 0.999818 0.196656 0.980472 -0.000567 0.004372 -0.001142 0.000807 0.999999 0.002823
0.972000 -0.234978 0.000457 1.004932 0.234978 0.972001 0.000461 0.001203 -0.000553 -0.000341 1.000000 0.000214
0.974172 -0.225775 0.003786 1.003809 0.225785 0.974174 -0.002470 0.004029 -0.003130 0.003261 0.999990 0.007040
0.973854 -0.227143 0.003799 1.005780 0.227147 0.973860 -0.000672 0.004478 -0.003547 0.001517 0.999993 0.006779
0.974180 -0.225768 0.001221 1.009625 0.225769 0.974181 -0.000698 0.003774 -0.001032 0.000956 0.999999 0.002879
0.972746 -0.231870 -0.001438 1.016797 0.231872 0.972745 0.001599 0.006646 0.001028 -0.001888 0.999998 -0.000306
0.980394 -0.197037 0.002044 1.000926 0.197039 0.980395 -0.000783 0.005346 -0.001850 0.001170 0.999998 0.004107
0.980369 -0.197171 0.000211 1.000461 0.197171 0.980369 -0.000055 0.004085 -0.000196 0.000096 1.000000 0.000841
0.971467 -0.237171 0.001001 1.023371 0.237172 0.971467 -0.001071 0.004811 -0.000719 0.001278 0.999999 0.001598
0.980506 -0.196462 0.003163 1.000729 0.196468 0.980509 -0.001639 0.004092 -0.002779 0.002228 0.999994 0.006477
0.974454 -0.224585 0.001057 0.998062 0.224585 0.974454 -0.000036 0.006089 -0.001022 0.000272 0.999999 0.003841
0.976245 -0.216668 0.000638 1.000014 0.216668 0.976245 -0.000308 0.004446 -0.000556 0.000439 1.000000 0.004275
0.974213 -0.225590 0.004343 1.004965 0.225599 0.974219 -0.001791 0.005149 -0.003827 0.002725 0.999989 0.009487
0.973513 -0.228624 0.001891 1.005308 0.228624 0.973515 0.000017 0.000109 -0.001845 0.000416 0.999998 0.003398
0.973792 -0.227425 0.002720 1.005760 0.227429 0.973794 -0.001231 0.005144 -0.002369 0.001817 0.999996 0.004616
0.974085 -0.226182 0.000773 1.018346 0.226182 0.974085 -0.000002 0.003911 -0.000752 0.000177 1.000000 0.000983
0.972746 -0.231867 0.001769 1.007485 0.231869 0.972747 -0.000651 0.003902 -0.001570 0.001044 0.999998 0.005401
0.974423 -0.224709 0.002372 0.949787 0.224713 0.974424 -0.001459 0.023383 -0.001984 0.001955 0.999996 0.004687
0.971542 -0.236865 0.001402 1.021665 0.236865 0.971542 -0.000351 0.004074 -0.001279 0.000673 0.999999 0.002096
0.977037 -0.213071 -0.000388 0.866043 0.213071 0.977036 0.001469 0.068983 0.000066 -0.001518 0.999999 -0.002811
0.972936 -0.231076 -0.000628 1.006153 0.231077 0.972934 0.001928 0.004634 0.000165 -0.002021 0.999998 -0.003353
0.973434 -0.228955 0.002625 1.004680 0.228958 0.973435 -0.001233 0.008758 -0.002273 0.001801 0.999996 0.002866
0.974131 -0.225977 0.001755 1.010283 0.225979 0.974131 -0.001272 0.003520 -0.001422 0.001635 0.999998 0.003692
0.974908 -0.222589 0.002932 1.007274 0.222592 0.974912 -0.000642 0.003446 -0.002716 0.001279 0.999995 0.008915
0.980687 -0.195576 0.001970 0.996258 0.195578 0.980688 -0.000686 0.006064 -0.001798 0.001058 0.999998 0.005039
0.973596 -0.228275 0.000437 1.013900 0.228275 0.973596 0.000573 0.002143 -0.000557 -0.000458 1.000000 0.003341
0.974038 -0.226374 0.002387 1.012781 0.226377 0.974039 -0.001261 0.002347 -0.002040 0.001769 0.999996 0.003142
0.980290 -0.197562 -0.001097 0.993874 0.197563 0.980290 0.000833 0.012292 0.000911 -0.001034 0.999999 -0.000520
0.980578 -0.196119 0.001940 0.999967 0.196121 0.980579 -0.000875 0.005479 -0.001731 0.001239 0.999998 0.004836
0.972010 -0.234940 0.000621 1.010610 0.234941 0.972010 -0.000172 -0.003284 -0.000563 0.000313 1.000000 0.004256
0.980777 -0.195121 0.002199 0.994280 0.195120 0.980779 0.000312 0.007033 -0.002218 0.000123 0.999998 0.007228
0.971105 -0.238644 0.001951 1.019382 0.238644 0.971107 0.000288 0.001059 -0.001963 0.000186 0.999998 0.004405
0.973794 -0.227431 -0.000179 1.011150 0.227431 0.973794 0.001090 -0.001059 -0.000073 -0.001102 0.999999 0.000173
0.973088 -0.230427 0.001924 1.020509 0.230429 0.973089 -0.001119 0.006013 -0.001614 0.001532 0.999997 0.003323
0.972056 -0.234736 0.002645 1.016740 0.234737 0.972059 0.000005 0.002746 -0.002572 0.000616 0.999996 0.007678
0.967631 -0.252358 0.002510 1.167289 0.252359 0.967634 -0.000160 0.018687 -0.002388 0.000788 0.999997 0.007239
0.974488 -0.224433 0.001919 1.009974 0.224434 0.974489 -0.000390 0.002375 -0.001783 0.000810 0.999998 0.007541
0.972767 -0.231767 0.002817 1.017650 0.231769 0.972771 -0.000447 0.003156 -0.002637 0.001087 0.999996 0.006906
0.972313 -0.233678 0.001732 1.009022 0.233680 0.972313 -0.001369 -0.002770 -0.001364 0.001736 0.999998 0.006308
0.975118 -0.221648 0.004093 1.009852 0.221652 0.975126 -0.000531 0.005194 -0.003874 0.001425 0.999991 0.009988
0.972276 -0.233836 0.000370 1.015755 0.233836 0.972276 -0.000469 0.005004 -0.000250 0.000543 1.000000 0.000387
0.975017 -0.222126 0.000943 0.938693 0.222127 0.975018 -0.000481 0.014905 -0.000812 0.000679 0.999999 0.003356
0.973842 -0.227227 0.000642 1.004115 0.227228 0.973841 -0.001077 0.002295 -0.000380 0.001195 0.999999 0.001050
0.973200 -0.229956 0.001554 1.019228 0.229957 0.973201 -0.000599 0.006682 -0.001374 0.000941 0.999999 0.003038
0.973592 -0.228291 0.001216 1.015369 0.228291 0.973593 -0.000643 0.007367 -0.001037 0.000904 0.999999 0.000879
0.971779 -0.235891 0.000035 1.024707 0.235891 0.971779 0.000182 0.002992 -0.000077 -0.000169 1.000000 0.000874
0.974572 -0.224059 0.002690 1.002708 0.224064 0.974573 -0.001748 0.004547 -0.002230 0.002307 0.999995 0.006085
0.973311 -0.229478 0.002206 1.014715 0.229480 0.973313 -0.000663 0.004384 -0.001995 0.001152 0.999997 0.005263
0.972911 -0.231182 -0.000318 1.017441 0.231182 0.972909 0.001852 0.003572 -0.000118 -0.001876 0.999998 0.000823
0.971737 -0.236063 -0.000939 1.027477 0.236064 0.971737 0.001195 -0.005211 0.000630 -0.001383 0.999999 0.002539
0.972649 -0.232264 0.002848 1.013011 0.232266 0.972652 -0.000571 0.003286 -0.002638 0.001217 0.999996 0.007254
0.972899 -0.231214 0.002785 1.018095 0.231215 0.972903 -0.000312 0.005537 -0.002638 0.000948 0.999996 0.007555
0.974473 -0.224489 0.002806 0.971858 0.224490 0.974476 0.000052 0.029329 -0.002746 0.000579 0.999996 0.007138
0.975140 -0.221572 0.002858 1.010820 0.221573 0.975144 -0.000021 0.003376 -0.002782 0.000653 0.999996 0.007395
0.974212 -0.225632 0.001349 1.011211 0.225633 0.974212 -0.000146 0.002239 -0.001281 0.000447 0.999999 0.002181
0.974559 -0.224128 0.001217 0.963536 0.224129 0.974559 -0.000697 0.037402 -0.001030 0.000952 0.999999 0.004884
0.973874 -0.227090 0.000586 1.012858 0.227090 0.973874 -0.000271 0.000962 -0.000509 0.000397 1.000000 0.000368
0.970662 -0.240447 0.000899 1.135747 0.240448 0.970662 -0.000359 -0.097609 -0.000786 0.000564 1.000000 0.003877
0.980653 -0.195750 -0.001184 0.992322 0.195751 0.980654 0.000582 0.005446 0.001048 -0.000802 0.999999 -0.001012
0.972031 -0.234852 0.000144 1.010276 0.234852 0.972031 -0.000132 -0.003259 -0.000109 0.000162 1.000000 0.002976
